tau (fs),Oscillatory component,Cation Signal,Baseline
200.23,8.94,2794.00,2785.06
220.21,358.68,3143.00,2784.32
240.25,481.43,3265.00,2783.57
260.16,790.17,3573.00,2782.83
280.18,649.91,3432.00,2782.09
300.17,271.65,3053.00,2781.35
320.24,-341.61,2439.00,2780.61
340.29,-656.88,2123.00,2779.88
360.24,-832.15,1947.00,2779.15
380.23,-789.43,1989.00,2778.43
400.18,-718.71,2059.00,2777.71
420.16,-426.00,2351.00,2777.00
440.20,-35.30,2741.00,2776.30
460.24,468.40,3244.00,2775.60
480.27,865.10,3640.00,2774.90
500.26,1049.79,3824.00,2774.21
520.22,807.48,3581.00,2773.52
540.16,355.16,3128.00,2772.84
560.16,199.83,2972.00,2772.17
580.25,23.50,2795.00,2771.50
600.25,-143.83,2627.00,2770.83
620.21,-131.18,2639.00,2770.18
640.20,-217.54,2552.00,2769.54
660.19,-177.91,2591.00,2768.91
680.19,-515.29,2253.00,2768.29
700.23,-546.69,2221.00,2767.69
720.21,-476.10,2291.00,2767.10
740.23,-321.53,2445.00,2766.53
760.21,-266.97,2499.00,2765.97
780.18,96.58,2862.00,2765.42
800.16,468.11,3233.00,2764.89
820.17,756.63,3521.00,2764.37
840.19,856.13,3620.00,2763.87
860.21,655.61,3419.00,2763.39
880.23,-9.92,2753.00,2762.92
900.25,-462.47,2300.00,2762.47
920.24,-670.03,2092.00,2762.03
940.20,-672.62,2089.00,2761.62
960.17,-663.23,2098.00,2761.23
980.20,-551.86,2209.00,2760.86
1000.17,-229.01,2531.50,2760.51
1020.29,-104.18,2656.00,2760.18
1040.21,13.13,2773.00,2759.87
1060.22,-6.58,2753.00,2759.58
1080.20,91.69,2851.00,2759.31
1100.18,221.94,2981.00,2759.06
1120.26,217.17,2976.00,2758.83
1140.24,519.39,3278.00,2758.61
1160.29,572.58,3331.00,2758.42
1180.27,694.76,3453.00,2758.24
1200.21,110.91,2869.00,2758.09
1220.20,-241.95,2516.00,2757.95
1240.20,-617.83,2140.00,2757.83
1260.22,-819.74,1938.00,2757.74
1280.20,-728.67,2029.00,2757.67
1300.24,-733.61,2024.00,2757.61
1320.25,-572.58,2185.00,2757.58
1340.16,-321.57,2436.00,2757.57
1360.21,186.42,2944.00,2757.58
1380.19,500.39,3258.00,2757.61
1400.19,685.34,3443.00,2757.66
1420.27,612.28,3370.00,2757.72
1440.21,364.20,3122.00,2757.80
1460.23,304.11,3062.00,2757.89
1480.18,325.00,3083.00,2758.00
1500.18,317.87,3076.00,2758.13
1520.22,235.73,2994.00,2758.27
1540.29,-27.42,2731.00,2758.42
1560.26,-203.60,2555.00,2758.60
1580.23,-753.79,2005.00,2758.79
1600.21,-598.00,2161.00,2759.00
1620.19,-676.23,2083.00,2759.23
1640.23,-598.48,2161.00,2759.48
1660.25,-278.74,2481.00,2759.74
1680.31,-162.02,2598.00,2760.02
1700.24,258.68,3019.00,2760.32
1720.18,532.37,3293.00,2760.63
1740.20,631.05,3392.00,2760.95
1760.19,630.71,3392.00,2761.29
1780.20,336.37,3098.00,2761.63
1800.19,109.00,2871.00,2762.00
1820.23,-307.37,2455.00,2762.37
1840.20,-211.76,2551.00,2762.76
1860.18,-395.15,2368.00,2763.15
1880.19,-293.57,2470.00,2763.57
1900.21,-343.99,2420.00,2763.99
1920.27,-336.42,2428.00,2764.42
1940.31,-277.87,2487.00,2764.87
1960.28,-205.33,2560.00,2765.33
1980.25,-72.79,2693.00,2765.79
2000.21,167.73,2934.00,2766.27
2020.19,226.25,2993.00,2766.75
2040.22,476.76,3244.00,2767.24
2060.29,721.26,3489.00,2767.74
2080.25,564.77,3333.00,2768.23
2100.28,354.26,3123.00,2768.74
2120.24,34.75,2804.00,2769.25
2140.22,-246.76,2523.00,2769.76
2160.21,-529.28,2241.00,2770.28
2180.20,-735.81,2035.00,2770.81
2200.25,-665.33,2106.00,2771.33
2220.29,-532.87,2239.00,2771.87
2240.30,-385.41,2387.00,2772.41
2260.21,-90.95,2682.00,2772.95
2280.18,80.51,2854.00,2773.49
2300.22,137.97,2912.00,2774.03
2320.28,395.43,3170.00,2774.57
2340.31,363.89,3139.00,2775.11
2360.28,600.36,3376.00,2775.64
2380.25,416.83,3193.00,2776.17
2400.23,491.31,3268.00,2776.69
2420.20,436.79,3214.00,2777.21
2440.22,266.28,3044.00,2777.72
2460.29,136.78,2915.00,2778.22
2480.28,-315.72,2463.00,2778.72
2500.25,-396.22,2383.00,2779.22
2520.26,-567.71,2212.00,2779.71
2540.22,-597.19,2183.00,2780.19
2560.19,-522.67,2258.00,2780.67
2580.23,-289.15,2492.00,2781.15
2600.25,105.39,2887.00,2781.61
2620.30,315.93,3098.00,2782.07
2640.28,560.48,3343.00,2782.52
2660.24,571.04,3354.00,2782.96
2680.20,575.61,3359.00,2783.39
2700.22,434.20,3218.00,2783.80
2720.27,260.79,3045.00,2784.21
2740.33,105.39,2890.00,2784.61
2760.28,5.01,2790.00,2784.99
2780.26,-131.37,2654.00,2785.37
2800.20,-207.73,2578.00,2785.73
2820.18,-319.09,2467.00,2786.09
2840.23,-343.44,2443.00,2786.44
2860.26,-352.78,2434.00,2786.78
2880.26,-366.11,2421.00,2787.11
2900.26,-185.43,2602.00,2787.43
2920.20,31.26,2819.00,2787.74
2940.20,196.96,2985.00,2788.04
2960.23,300.66,3089.00,2788.34
2980.21,584.38,3373.00,2788.62
3000.30,530.12,3319.00,2788.88
3020.32,326.86,3116.00,2789.14
3040.30,-42.39,2747.00,2789.39
3060.27,-103.62,2686.00,2789.62
3080.19,-451.85,2338.00,2789.85
3100.23,-432.06,2358.00,2790.06
3120.24,-470.27,2320.00,2790.27
3140.26,-373.47,2417.00,2790.47
3160.30,-296.65,2494.00,2790.65
3180.22,-175.83,2615.00,2790.83
3200.27,-196.99,2594.00,2790.99
3220.21,164.86,2956.00,2791.14
3240.22,166.72,2958.00,2791.28
3260.28,294.59,3086.00,2791.41
3280.29,288.48,3080.00,2791.52
3300.27,489.38,3281.00,2791.62
3320.29,434.30,3226.00,2791.70
3340.26,415.23,3207.00,2791.77
3360.28,96.18,2888.00,2791.82
3380.25,-132.86,2659.00,2791.86
3400.29,-260.88,2531.00,2791.88
3420.29,-385.89,2406.00,2791.89
3440.27,-456.88,2335.00,2791.88
3460.23,-448.86,2343.00,2791.86
3480.23,-258.83,2533.00,2791.83
3500.24,-111.78,2680.00,2791.78
3520.28,102.29,2894.00,2791.71
3540.30,378.37,3170.00,2791.63
3560.33,407.47,3199.00,2791.53
3580.32,454.58,3246.00,2791.42
3600.22,284.71,3076.00,2791.29
3620.24,423.86,3215.00,2791.14
3640.26,315.03,3106.00,2790.97
3660.22,190.21,2981.00,2790.79
3680.29,18.42,2809.00,2790.58
3700.26,-0.37,2790.00,2790.37
3720.24,-174.14,2616.00,2790.14
3740.22,-186.89,2603.00,2789.89
3760.22,-434.63,2355.00,2789.63
3780.23,-441.35,2348.00,2789.35
3800.27,-336.06,2453.00,2789.06
3820.29,-138.76,2650.00,2788.76
3840.26,0.55,2789.00,2788.45
3860.20,382.88,3171.00,2788.12
3880.21,188.23,2976.00,2787.77
3900.24,436.59,3224.00,2787.41
3920.29,498.96,3286.00,2787.04
3940.29,303.34,3090.00,2786.66
3960.26,169.74,2956.00,2786.26
3980.26,-103.84,2682.00,2785.84
4000.24,-184.42,2601.00,2785.42
4020.21,-143.98,2641.00,2784.98
4040.23,-192.53,2592.00,2784.53
4060.27,-435.07,2349.00,2784.07
4080.32,-331.61,2452.00,2783.61
4100.29,-149.13,2634.00,2783.13
4120.28,-198.64,2584.00,2782.64
4140.29,-160.14,2622.00,2782.14
4160.23,184.36,2966.00,2781.64
4180.29,273.88,3055.00,2781.12
4200.26,414.41,3195.00,2780.59
4220.24,506.94,3287.00,2780.06
4240.31,232.49,3012.00,2779.51
4260.25,338.05,3117.00,2778.95
4280.25,102.61,2881.00,2778.39
4300.25,-20.82,2757.00,2777.82
4320.26,-261.23,2516.00,2777.23
4340.30,-296.65,2480.00,2776.65
4360.29,-347.05,2429.00,2776.05
4380.27,-283.46,2492.00,2775.46
4400.27,-219.85,2555.00,2774.85
4420.24,-59.25,2715.00,2774.25
4440.27,-41.63,2732.00,2773.63
4460.30,149.98,2923.00,2773.02
4480.29,165.60,2938.00,2772.40
4500.31,344.23,3116.00,2771.77
4520.25,281.86,3053.00,2771.14
4540.27,403.49,3174.00,2770.51
4560.25,321.13,3091.00,2769.87
4580.30,286.77,3056.00,2769.23
4600.35,106.41,2875.00,2768.59
4620.29,-130.95,2637.00,2767.95
4640.33,-335.31,2432.00,2767.31
4660.24,-297.67,2469.00,2766.67
4680.26,-481.03,2285.00,2766.03
4700.28,-433.40,2332.00,2765.40
4720.32,-334.76,2430.00,2764.76
4740.31,-178.14,2586.00,2764.14
4760.33,25.49,2789.00,2763.51
4780.27,229.10,2992.00,2762.90
4800.30,404.72,3167.00,2762.28
4820.23,327.33,3089.00,2761.67
4840.31,252.94,3014.00,2761.06
4860.31,143.54,2904.00,2760.46
4880.35,145.14,2905.00,2759.86
4900.33,-52.27,2707.00,2759.27
4920.27,-9.68,2749.00,2758.68
4940.30,-276.11,2482.00,2758.11
4960.26,-252.54,2505.00,2757.54
4980.24,-452.98,2304.00,2756.98
5000.31,-177.43,2579.00,2756.43
5020.35,-315.88,2440.00,2755.88
5040.32,-206.35,2549.00,2755.35
5060.28,-99.83,2655.00,2754.83
5080.27,77.68,2832.00,2754.32
5100.27,250.19,3004.00,2753.81
5120.34,211.68,2965.00,2753.32
5140.40,358.17,3111.00,2752.83
5160.40,264.65,3017.00,2752.35
5180.38,30.11,2782.00,2751.89
5200.30,-16.43,2735.00,2751.43
5220.31,-230.98,2520.00,2750.98
5240.31,-222.55,2528.00,2750.55
5260.35,-354.12,2396.00,2750.12
5280.40,-293.71,2456.00,2749.71
5300.37,-319.31,2430.00,2749.31
5320.37,-152.91,2596.00,2748.91
5340.34,-160.53,2588.00,2748.53
5360.31,119.84,2868.00,2748.16
5380.35,90.20,2838.00,2747.80
5400.37,137.55,2885.00,2747.45
5420.40,294.89,3042.00,2747.11
5440.34,267.22,3014.00,2746.78
5460.35,210.55,2957.00,2746.45
5480.25,185.86,2932.00,2746.14
5500.28,146.17,2892.00,2745.83
5520.32,-16.53,2729.00,2745.53
5540.39,-156.25,2589.00,2745.25
5560.36,-163.97,2581.00,2744.97
5580.33,-207.70,2537.00,2744.70
5600.32,-404.44,2340.00,2744.44
5620.31,-185.19,2559.00,2744.19
5640.31,-174.96,2569.00,2743.96
5660.39,-49.73,2694.00,2743.73
5680.45,40.49,2784.00,2743.51
5700.44,193.70,2937.00,2743.30
5720.38,229.91,2973.00,2743.09
5740.32,142.10,2885.00,2742.90
5760.32,173.29,2916.00,2742.71
5780.38,280.47,3023.00,2742.53
5800.34,187.64,2930.00,2742.36
5820.40,83.80,2826.00,2742.20
5840.44,-47.04,2695.00,2742.04
5860.31,-92.89,2649.00,2741.89
5880.32,-104.76,2637.00,2741.76
5900.33,-242.63,2499.00,2741.63
5920.35,-265.50,2476.00,2741.50
5940.42,-150.39,2591.00,2741.39
5960.37,-265.29,2476.00,2741.29
5980.36,8.81,2750.00,2741.19
6000.32,137.89,2879.00,2741.11
6020.26,117.97,2859.00,2741.03
6040.33,91.04,2832.00,2740.96
6060.34,289.10,3030.00,2740.90
6080.34,183.16,2924.00,2740.84
6100.34,120.21,2861.00,2740.79
6120.29,-115.75,2625.00,2740.75
6140.30,97.28,2838.00,2740.72
6160.31,-103.69,2637.00,2740.69
6180.36,-121.67,2619.00,2740.67
6200.36,-106.66,2634.00,2740.66
6220.37,-212.66,2528.00,2740.66
6240.36,-175.67,2565.00,2740.67
6260.33,-8.68,2732.00,2740.68
6280.29,30.30,2771.00,2740.70
6300.26,-14.73,2726.00,2740.73
6320.34,152.23,2893.00,2740.77
6340.36,62.19,2803.00,2740.81
6360.36,113.14,2854.00,2740.86
6380.30,186.08,2927.00,2740.92
6400.29,49.02,2790.00,2740.98
6420.31,-72.05,2669.00,2741.05
6440.30,-5.13,2736.00,2741.13
6460.38,-112.21,2629.00,2741.21
6480.41,-185.30,2556.00,2741.30
6500.41,-204.40,2537.00,2741.40
6520.33,-156.50,2585.00,2741.50
6540.32,-110.61,2631.00,2741.61
6560.32,-152.72,2589.00,2741.72
6580.33,-10.85,2731.00,2741.85
6600.34,-6.97,2735.00,2741.97
6620.42,-38.11,2704.00,2742.11
6640.35,142.76,2885.00,2742.24
6660.32,156.62,2899.00,2742.38
6680.30,31.47,2774.00,2742.53
6700.35,111.33,2854.00,2742.67
6720.36,43.17,2786.00,2742.83
6740.41,-48.98,2694.00,2742.98
6760.39,-130.13,2613.00,2743.13
6780.37,-125.29,2618.00,2743.29
6800.32,-91.45,2652.00,2743.45
6820.31,-208.61,2535.00,2743.61
6840.37,-182.78,2561.00,2743.78
6860.38,-57.94,2686.00,2743.94
6880.43,70.90,2815.00,2744.10
6900.43,125.73,2870.00,2744.27
6920.36,75.57,2820.00,2744.43
6940.32,242.41,2987.00,2744.59
6960.32,82.25,2827.00,2744.75
6980.37,95.10,2840.00,2744.90
7000.35,184.95,2930.00,2745.05
7020.42,45.80,2791.00,2745.20
7040.40,-17.35,2728.00,2745.35
7060.30,16.51,2762.00,2745.49
7080.30,-84.63,2661.00,2745.63
7100.31,-22.61,2723.15,2745.76
7120.34,-77.54,2668.35,2745.89
7140.38,-29.29,2716.72,2746.02
7160.37,-157.96,2588.18,2746.14
7180.33,-15.95,2730.30,2746.25
7200.31,-39.54,2706.82,2746.36
7220.32,80.83,2827.30,2746.47
7240.32,130.96,2877.52,2746.57
7260.39,199.54,2946.20,2746.66
7280.39,150.68,2897.43,2746.74
7300.43,129.05,2875.88,2746.82
7320.37,164.26,2911.15,2746.89
7340.34,45.44,2792.40,2746.96
7360.33,-2.94,2744.07,2747.01
7380.37,-54.31,2692.75,2747.06
7400.40,-77.31,2669.80,2747.11
7420.45,-169.39,2577.75,2747.14
7440.42,-178.57,2568.60,2747.17
7460.34,-117.04,2630.15,2747.19
7480.31,-96.86,2650.35,2747.21
7500.34,-23.71,2723.50,2747.21
7520.40,12.91,2760.12,2747.21
7540.45,89.05,2836.25,2747.20
7560.44,112.07,2859.25,2747.18
7580.38,64.99,2812.15,2747.16
7600.32,89.35,2836.47,2747.12
7620.31,121.15,2868.22,2747.08
7640.33,99.70,2846.72,2747.03
7660.38,9.16,2756.12,2746.96
7680.40,-68.12,2678.77,2746.89
7700.35,-205.99,2540.82,2746.81
7720.36,-225.92,2520.80,2746.72
7740.29,-113.07,2633.55,2746.62
7760.31,-136.21,2610.30,2746.51
7780.37,-74.79,2671.60,2746.39
7800.39,-55.56,2690.70,2746.26
7820.43,64.55,2810.68,2746.12
7840.41,286.60,3032.57,2745.97
7860.32,145.89,2891.70,2745.81
7880.31,117.19,2862.82,2745.63
7900.35,83.73,2829.18,2745.44
7920.35,132.70,2877.95,2745.25
7940.38,56.94,2801.97,2745.03
7960.44,62.12,2806.93,2744.81
7980.36,-5.95,2738.62,2744.57
8000.29,-62.07,2682.25,2744.32
8020.31,-92.34,2651.72,2744.06
8040.35,-185.19,2558.60,2743.79
8060.37,-189.68,2553.82,2743.50
8080.45,-122.08,2621.12,2743.21
8100.41,29.03,2771.93,2742.90
8120.33,21.60,2764.18,2742.57
8140.31,74.67,2816.90,2742.23
8160.29,141.12,2883.00,2741.88
8180.32,55.36,2796.88,2741.52
8200.37,80.74,2821.88,2741.14
8220.43,169.40,2910.15,2740.75
8240.31,48.34,2788.68,2740.34
8260.33,43.23,2783.15,2739.92
8280.31,60.47,2799.95,2739.48
8300.32,-22.71,2716.32,2739.03
8320.39,-106.47,2632.10,2738.57
8340.40,37.91,2776.00,2738.09
8360.44,-94.43,2643.18,2737.60
8380.36,-126.59,2610.50,2737.09
8400.35,10.68,2747.25,2736.57
8420.30,7.09,2743.12,2736.04
8440.36,88.26,2823.75,2735.49
8460.39,19.95,2754.88,2734.93
8480.43,143.52,2877.88,2734.35
8500.41,159.14,2892.90,2733.76
8520.36,109.70,2842.85,2733.15
8540.31,17.69,2750.22,2732.53
8560.32,-49.75,2682.15,2731.90
8580.37,-44.33,2686.93,2731.25
8600.40,-83.56,2647.02,2730.59
8620.43,-90.11,2639.80,2729.91
8640.40,-39.72,2689.50,2729.22
8660.30,-104.40,2624.12,2728.52
8680.30,-21.93,2705.88,2727.81
8700.33,0.10,2727.18,2727.08
8720.35,72.02,2798.35,2726.33
8740.40,91.87,2817.45,2725.58
8760.40,106.49,2831.30,2724.81
8780.32,89.48,2813.50,2724.02
8800.34,135.65,2858.88,2723.23
8820.33,83.43,2805.85,2722.42
8840.32,116.66,2838.25,2721.59
8860.42,48.19,2768.95,2720.76
8880.44,-58.66,2661.25,2719.91
8900.43,23.75,2742.80,2719.05
8920.39,-66.93,2651.25,2718.18
8940.31,-102.40,2614.90,2717.30
8960.35,-124.55,2591.85,2716.40
8980.36,-25.55,2689.95,2715.50
9000.40,-12.91,2701.68,2714.58
9020.45,54.00,2767.65,2713.65
9040.43,120.96,2833.68,2712.72
9060.33,159.68,2871.45,2711.77
9080.31,93.69,2804.50,2710.81
9100.34,78.73,2788.57,2709.85
9120.35,131.83,2840.70,2708.87
9140.40,21.21,2729.10,2707.89
9160.42,74.01,2780.90,2706.89
9180.38,1.26,2707.15,2705.89
9200.30,-68.68,2636.20,2704.88
9220.31,-107.37,2596.50,2703.87
9240.37,-49.29,2653.55,2702.84
9260.41,-179.27,2522.55,2701.82
9280.43,-80.91,2619.88,2700.78
9300.40,-10.07,2689.68,2699.75
9320.34,-60.33,2638.38,2698.70
9340.30,53.82,2751.47,2697.65
9360.32,58.40,2755.00,2696.60
9380.37,115.10,2810.65,2695.55
9400.42,76.62,2771.10,2694.48
9420.46,-22.57,2670.85,2693.42
9440.44,-0.65,2691.70,2692.35
9460.38,92.72,2784.00,2691.28
9480.36,75.04,2765.25,2690.21
9500.35,-36.86,2652.27,2689.14
9520.37,-145.41,2542.65,2688.06
9540.44,-30.54,2656.45,2686.99
9560.44,-26.46,2659.45,2685.91
9580.41,-74.06,2610.77,2684.83
9600.35,0.79,2684.55,2683.76
9620.35,-7.66,2675.02,2682.68
9640.35,41.24,2722.85,2681.61
9660.46,95.97,2776.50,2680.53
9680.46,85.42,2764.88,2679.46
9700.48,125.26,2803.65,2678.39
9720.42,35.36,2712.68,2677.32
9740.36,70.85,2747.10,2676.25
9760.33,16.46,2691.65,2675.19
9780.39,-14.81,2659.32,2674.13
9800.44,-39.88,2633.20,2673.08
9820.47,-128.18,2543.85,2672.03
9840.40,-64.96,2606.02,2670.98
9860.36,-57.84,2612.10,2669.94
9880.30,-107.29,2561.62,2668.91
9900.32,-90.86,2577.02,2667.89
9920.44,85.43,2752.30,2666.87
9940.45,116.24,2782.10,2665.86
9960.42,72.00,2736.85,2664.85
9980.40,59.29,2723.15,2663.86
10000.33,70.21,2733.07,2662.87
10020.33,53.31,2715.20,2661.89
10040.32,19.88,2680.80,2660.92
10060.42,26.01,2685.97,2659.96
10080.40,20.64,2679.65,2659.01
10100.40,-113.15,2544.93,2658.07
10120.37,-169.57,2487.57,2657.15
10140.33,-99.93,2556.30,2656.23
10160.33,-140.66,2514.68,2655.33
10180.35,-123.27,2531.18,2654.44
10200.42,-120.79,2532.77,2653.57
10220.46,-35.43,2617.27,2652.70
10240.41,-11.10,2640.75,2651.85
10260.33,10.16,2661.18,2651.02
10280.33,70.93,2721.12,2650.20
10300.36,29.94,2679.32,2649.39
10320.38,19.70,2668.30,2648.60
10340.41,-19.84,2627.97,2647.82
10360.42,42.87,2689.93,2647.05
10380.38,-20.13,2626.18,2646.30
10400.36,-52.94,2592.62,2645.57
10420.33,-30.55,2614.30,2644.85
10440.39,-42.44,2601.70,2644.14
10460.44,-55.48,2587.97,2643.46
10480.51,-85.08,2557.70,2642.78
10500.45,-107.43,2534.70,2642.13
10520.41,-51.98,2589.50,2641.48
10540.33,-17.18,2623.68,2640.86
10560.36,-3.33,2636.93,2640.25
10580.39,16.39,2656.05,2639.66
10600.44,74.12,2713.20,2639.08
10620.45,38.51,2677.02,2638.52
10640.44,112.50,2750.47,2637.97
10660.37,150.88,2788.32,2637.44
10680.31,8.52,2645.45,2636.93
10700.35,-42.11,2594.32,2636.43
10720.38,-79.75,2556.20,2635.95
10740.40,-48.64,2586.85,2635.49
10760.40,-71.29,2563.75,2635.04
10780.36,-63.57,2571.05,2634.62
10800.22,-99.55,2534.65,2634.20
10820.22,-36.21,2597.60,2633.81
10840.20,63.54,2696.97,2633.43
10860.25,-7.17,2625.90,2633.07
10880.26,45.04,2677.77,2632.72
10900.24,25.87,2658.27,2632.40
10920.18,101.91,2734.00,2632.09
10940.19,67.91,2699.70,2631.79
10960.17,102.88,2734.40,2631.52
10980.23,88.04,2719.30,2631.26
11000.23,-11.92,2619.10,2631.02
11020.09,-128.99,2501.80,2630.79
11040.08,-99.39,2531.20,2630.59
11060.09,-80.60,2549.80,2630.40
11080.06,-133.83,2496.40,2630.23
11100.04,-154.08,2476.00,2630.08
11120.12,-128.75,2501.20,2629.95
11140.12,11.77,2641.60,2629.83
11160.11,15.47,2645.20,2629.73
11180.02,78.54,2708.20,2629.66
11200.08,51.01,2680.60,2629.59
11220.02,-24.55,2605.00,2629.55
11240.00,-8.92,2620.60,2629.52
11260.09,30.69,2660.20,2629.51
11280.11,-13.12,2616.40,2629.52
11300.06,-20.35,2609.20,2629.55
11320.06,-58.79,2570.80,2629.59
11340.04,-48.65,2581.00,2629.65
11360.03,-85.33,2544.40,2629.73
11380.07,-42.22,2587.60,2629.82
11400.09,-102.93,2527.00,2629.93
11420.09,-5.86,2624.20,2630.06
11440.06,-59.40,2570.80,2630.20
11460.04,-33.76,2596.60,2630.36
11480.05,50.67,2681.20,2630.53
11500.05,132.08,2762.80,2630.72
11520.07,134.88,2765.80,2630.92
11540.12,39.26,2670.40,2631.14
11560.14,35.42,2666.80,2631.38
11580.10,3.38,2635.00,2631.62
11600.05,-59.89,2572.00,2631.89
11620.05,-60.76,2571.40,2632.16
11640.02,-4.65,2627.80,2632.45
11660.06,-41.56,2591.20,2632.76
11680.07,63.12,2696.20,2633.08
11700.10,-55.41,2578.00,2633.41
11720.07,26.45,2660.20,2633.75
11740.07,-1.51,2632.60,2634.11
11760.09,42.52,2677.00,2634.48
11780.05,41.53,2676.40,2634.87
11800.14,66.33,2701.60,2635.27
11820.12,56.32,2692.00,2635.68
11840.14,45.70,2681.80,2636.10
11860.07,-14.13,2622.40,2636.53
11880.09,-22.98,2614.00,2636.98
11900.05,2.96,2640.40,2637.44
11920.10,-35.31,2602.60,2637.91
11940.12,-41.79,2596.60,2638.39
11960.14,-82.49,2556.40,2638.89
11980.07,-150.19,2489.20,2639.39
12000.05,-48.71,2591.20,2639.91
12020.05,-89.44,2551.00,2640.44
12040.11,-1.78,2639.20,2640.98
12060.10,-10.74,2630.80,2641.54
12080.14,28.30,2670.40,2642.10
12100.10,135.13,2777.80,2642.67
12120.07,16.34,2659.60,2643.26
12140.08,99.75,2743.60,2643.85
12160.08,-61.65,2582.80,2644.45
12180.10,-12.47,2632.60,2645.07
12200.18,54.71,2700.40,2645.69
12220.15,61.88,2708.20,2646.32
12240.14,6.04,2653.00,2646.96
12260.10,-84.61,2563.00,2647.61
12280.04,-105.67,2542.60,2648.27
12300.04,-78.13,2570.80,2648.93
12320.10,-45.81,2603.80,2649.61
12340.13,18.91,2669.20,2650.29
12360.13,31.42,2682.40,2650.98
12380.12,0.72,2652.40,2651.68
12400.05,0.02,2652.40,2652.38
12420.08,41.31,2694.40,2653.09
12440.09,137.79,2791.60,2653.81
12460.13,66.87,2721.40,2654.53
12480.17,-35.26,2620.00,2655.26
12500.12,45.60,2701.60,2656.00
12520.06,-22.94,2633.80,2656.74
12540.09,-39.29,2618.20,2657.49
12560.05,-26.24,2632.00,2658.24
12580.13,6.00,2665.00,2659.00
12600.13,-11.57,2648.20,2659.77
12620.17,47.06,2707.60,2660.54
12640.15,69.69,2731.00,2661.31
12660.12,28.11,2690.20,2662.09
12680.09,114.33,2777.20,2662.87
12700.10,-8.26,2655.40,2663.66
12720.13,90.55,2755.00,2664.45
12740.13,-3.25,2662.00,2665.25
12760.12,-20.25,2645.80,2666.05
12780.16,-26.45,2640.40,2666.85
12800.09,4.54,2672.20,2667.66
12820.10,-29.28,2639.20,2668.48
12840.13,-37.29,2632.00,2669.29
12860.16,17.69,2687.80,2670.11
12880.14,-78.54,2592.40,2670.94
12900.16,-16.37,2655.40,2671.77
12920.11,21.80,2694.40,2672.60
12940.10,30.56,2704.00,2673.44
12960.09,-17.08,2657.20,2674.28
12980.09,24.68,2699.80,2675.12
13000.12,46.03,2722.00,2675.97
13020.17,33.78,2710.60,2676.82
13040.11,79.72,2757.40,2677.68
13060.05,45.86,2724.40,2678.54
13080.03,-31.80,2647.60,2679.40
13100.06,3.34,2683.60,2680.26
13120.15,-37.13,2644.00,2681.13
13140.18,-48.80,2633.20,2682.00
13160.18,-20.87,2662.00,2682.87
13180.12,56.85,2740.60,2683.75
13200.10,-110.23,2574.40,2684.63
13220.07,-120.72,2564.80,2685.52
13240.07,-109.60,2576.80,2686.40
13260.12,-48.09,2639.20,2687.29
13280.15,17.01,2705.20,2688.19
13300.17,56.32,2745.40,2689.08
13320.11,50.02,2740.00,2689.98
13340.06,46.12,2737.00,2690.88
13360.08,-5.78,2686.00,2691.78
13380.07,37.71,2730.40,2692.69
13400.17,119.61,2813.20,2693.59
13420.17,6.50,2701.00,2694.50
13440.13,-139.01,2556.40,2695.41
13460.09,-40.92,2655.40,2696.32
13480.10,13.97,2711.20,2697.23
13500.07,-73.35,2624.80,2698.15
13520.08,43.94,2743.00,2699.06
13540.13,8.82,2708.80,2699.98
13560.12,-7.70,2693.20,2700.90
13580.14,114.99,2816.80,2701.81
13600.06,58.87,2761.60,2702.73
13620.08,34.55,2738.20,2703.65
13640.17,27.03,2731.60,2704.57
13660.16,-41.09,2664.40,2705.49
13680.23,7.19,2713.60,2706.41
13700.21,-40.53,2666.80,2707.33
13720.14,22.75,2731.00,2708.25
13740.13,-53.17,2656.00,2709.17
13760.11,-48.09,2662.00,2710.09
13780.18,-8.21,2702.80,2711.01
13800.17,-83.54,2628.40,2711.94
13820.21,-15.46,2697.40,2712.86
13840.13,90.42,2804.20,2713.78
13860.13,99.10,2813.80,2714.70
13880.08,-24.22,2691.40,2715.62
13900.15,48.66,2765.20,2716.54
13920.22,52.54,2770.00,2717.46
13940.22,48.03,2766.40,2718.37
13960.18,63.91,2783.20,2719.29
13980.17,-59.41,2660.80,2720.21
14000.11,-74.72,2646.40,2721.12
14020.10,-9.04,2713.00,2722.04
14040.10,64.45,2787.40,2722.95
14060.18,-25.26,2698.60,2723.86
14080.18,-37.58,2687.20,2724.78
14100.11,-57.09,2668.60,2725.69
14120.17,-13.00,2713.60,2726.60
14140.08,-28.91,2698.60,2727.51
14160.09,46.98,2775.40,2728.42
14180.11,29.87,2759.20,2729.33
14200.13,15.17,2745.40,2730.23
14220.17,-25.94,2705.20,2731.14
14240.15,40.36,2772.40,2732.04
14260.13,-10.35,2722.60,2732.95
14280.12,26.55,2760.40,2733.85
14300.12,-21.15,2713.60,2734.75
14320.14,45.75,2781.40,2735.65
14340.12,-33.74,2702.80,2736.54
14360.11,16.36,2753.80,2737.44
14380.15,22.67,2761.00,2738.33
14400.08,45.77,2785.00,2739.23
14420.08,-55.92,2684.20,2740.12
14440.10,-85.61,2655.40,2741.01
14460.12,50.31,2792.20,2741.89
14480.20,55.42,2798.20,2742.78
14500.12,130.73,2874.40,2743.67
14520.12,31.45,2776.00,2744.55
14540.06,75.57,2821.00,2745.43
14560.10,44.09,2790.40,2746.31
14580.12,21.61,2768.80,2747.19
14600.17,9.93,2758.00,2748.07
14620.17,-17.34,2731.60,2748.94
14640.14,-62.02,2687.80,2749.82
14660.07,-38.89,2711.80,2750.69
14680.14,1.03,2752.60,2751.57
14700.07,-68.24,2684.20,2752.44
14720.12,-22.91,2730.40,2753.31
14740.13,-9.98,2744.20,2754.18
14760.14,26.34,2781.40,2755.06
14780.12,-11.13,2744.80,2755.93
14800.09,-34.80,2722.00,2756.80
14820.13,44.73,2802.40,2757.67
14840.09,-13.74,2744.80,2758.54
14860.13,-7.41,2752.00,2759.41
14880.18,16.92,2777.20,2760.28
14900.15,-10.35,2750.80,2761.15
14920.14,-22.62,2739.40,2762.02
14940.08,-17.48,2745.40,2762.88
14960.11,-49.55,2714.20,2763.75
